1A2P2
17401021002856    
17401021002856    
1A2P3
17401021002856    
17401021002856    
1A2P4
3118002330322    
3118002330322    
3118002330322    
3118002330322    
1B2P1
3118002330322    
3118002330322    
3118002330322    
3118002330322    
1B2P2
6371412230304    
6371412230304    
6371412230304    
6371412230304    
6371412230304    
6371412230304    
1B2P3
17401021002852    
17401021002852    
1B2P4
3118002330322    
3118002330322    
3118002330322    
3118002330322    
1C2P1
6016412130307    
6016412130307    
1C2P2
17401021002856    
17401021002856    
1C2P4
3118002330322    
3118002330322    
3118002330322    
3118002330322    
3118002330322    
3118002330322    
1D2P2
1327001330301    
1327001330301    
1D2P3
1327001330301    
1327001330301    
1327001330301    
1327001330301    
1D2P4
1327001330301    
1327001330301    
1327001330301    
1327001330301    
1E2P1
3160002330301    
1E2P2
1327001330301    
1327001330301    
1327001330301    
1327001330301    
1E2P4
1327001330301    
1327001330301    
1327001330301    
1327001330301    
1E2P3
3118002330322    
3118002330322    
3118002330322    
3118002330322    
1F2P1
6016412230304    
1F2P3
1327001330301    
1327001330301    
1327001330301    
1327001330301    
1F2P4
2290002230309    
2290002230309    
2290002230309    
2290002230309    
2290002230309    
2290002230309    
1G2P1
2290002230309    
2290002230309    
2290002230309    
2290002230309    
2290002230309    
1G2P2
1724001830303    
1724001830303    
1724001830303    
1724001830303    
1G2P4
1327001330301    
1327001330301    
1327001330301    
1327001330301    
1H2P1
1327001330301    
1327001330301    
1327001330301    
1327001330301    
1H2P2
2590002030306    
2590002030306    
2590002030306    
2590002030306    
1H2P4
1018002430304    
1018002430304    
1018002430304    
1018002430304    
1018002430304    
1018002430304    
1D2P1
SND24ALSI0000
SND24ALSI0000
SND24ALSI0000
SND24ALSI0000
1A3P1
17401021002856    
17401021002856    
1A3P2
1124001930308    
1A3P3
1724001830303    
1A3P4
1124001930308    
1124001930308    
1124001930308    
1124001930308    
1B3P1
3118002330322    
3118002330322    
3118002330322    
3118002330322    
1B3P2
6345412230305    
6345412230305    
6345412230305    
6345412230305    
6345412230305    
1B3P3
3118002330322    
3118002330322    
3118002330322    
3118002330322    
1B3P4
3118002330322    
3118002330322    
3118002330322    
3118002330322    
1C3P1
1327001330301    
1327001330301    
1327001330301    
1327001330301    
1C3P2
3118002330322    
3118002330322    
3118002330322    
3118002330322    
1C3P3
3118002330322    
3118002330322    
3118002330322    
3118002330322    
1C3P4
SOU24IKL0000
SOU24IKL0000
SOU24IKL0000
1D3P1
3118002330322    
3118002330322    
3118002330322    
3118002330322    
1D3P2
3118002330322    
3118002330322    
3118002330322    
3118002330322    
1D3P3
1327001330301    
1327001330301    
1327001330301    
1327001330301    
1D3P4
1724001830303    
1724001830303    
1724001830303    
1E3P1
918012330308    
918012330308    
918012330308    
918012330308    
918012330308    
1E3P2
3118002330322    
3118002330322    
3118002330322    
3118002330322    
1E3P4
3148002330309    
3148002330309    
1F3P1
3160002330301    
3160002330301    
1F3P2
17401005008821    
17401005008821    
17401005008821    
17401005008821    
17401005008821    
17401005008821    
17401005008821    
17401005008821    
17401005008821    
17401005008821    
17401005008821    
17401005008821    
17401005008821    
17401005008821    
17401005008821    
17401005008821    
17401005008821    
17401005008821    
1F3P4
6016412230304    
6016412230304    
1G3P1
1327001330301    
1327001330301    
1327001330301    
1327001330301    
1G3P2
1327001330301    
1327001330301    
1327001330301    
1327001330301    
1G3P3
1327001330301    
1327001330301    
1327001330301    
1327001330301    
1G3P4
1327001330301    
1327001330301    
1327001330301    
1327001330301    
1H3P4
3118002330322    
3118002330322    
3118002330322    
3118002330322    
1A4P1
2224002030300    
2224002030300    
2224002030300    
1A4P2
SND24ALSI0000
SND24ALSI0000
SND24ALSI0000
SND24ALSI0000
SND24ALSI0000
SND24ALSI0000
SND24ALSI0000
SND24ALSI0000
SND24ALSI0000
SND24ALSI0000
1A4P3
6016412130307    
6016412130307    
1A4P4
2224002030300    
2224002030300    
2224002030300    
2224002030300    
1B4P1
1327001330301    
1327001330301    
1327001330301    
1327001330301    
1B4P2
2290002230309    
2290002230309    
2290002230309    
2290002230309    
2290002230309    
2290002230309    
2290002230309    
1B4P3
2290002230309    
2290002230309    
2290002230309    
2290002230309    
2290002230309    
2290002230309    
2290002230309    
2290002230309    
2290002230309    
1B4P4
2218002230303    
2218002230303    
2218002230303    
2218002230303    
2218002230303    
2218002230303    
2218002230303    
2218002230303    
1C4P1
1327001330301    
1327001330301    
1327001330301    
1327001330301    
1C4P3
1327001330301    
1327001330301    
1327001330301    
1327001330301    
1D4P1
2290002230309    
2290002230309    
2290002230309    
2290002230309    
2290002230309    
2290002230309    
2290002230309    
2290002230309    
2290002230309    
1E4P2
2290002230309    
2290002230309    
2290002230309    
2290002230309    
2290002230309    
2290002230309    
2290002230309    
2290002230309    
2290002230309    
1F4P2





1912012030304    
1912012030304    
1912012030304    
1912012030304    
1912012030304    
1912012030304    
1912012030304    
1912012030304    
1912012030304    
1F4P3
1912012030304    
1912012030304    
1C4P2
2218002230303    
2218002230303    
2218002230303    
2218002230303    
2218002230303    
2218002230303    
2218002230303    
2218002230303    
1C4P4
2290002230309    
2290002230309    
2290002230309    
2290002230309    
2290002230309    
2290002230309    
2290002230309    
2290002230309    
2290002230309    
1D4P2
2290002230309    
2290002230309    
2290002230309    
2290002230309    
2290002230309    
2290002230309    
2290002230309    
2290002230309    
1F2P2
3118002330322    
3118002330322    
3118002330322    
3118002330322    
1A2P1
890012330307    
890012330307    
890012330307    
890012330307    
1G2P3
2218002230303    
2218002230303    
2218002230303    
1H2P3
2218002230303    
2218002230303    
2218002230303    
2218002230303    
