5G4P3
1327001330301    
1327001330301    
1327001330301    
1327001330301    
5G4P2
1148001930304    
1148001930304    
5G4P1
1318001330309    
1318001330309    
1318001330309    
1318001330309    
5F4P4
1160001930306    
5F4P2
9412002430302    
9412002430302    
9412002430302    
9412002430302    
9412002430302    
9412002430302    
9412002430302    
9412002430302    
5F4P1
1148001930304    
1148001930304    
5E4P4
9412002430302    
9412002430302    
9412002430302    
9412002430302    
9412002430302    
9412002430302    
5E4P3
1148001930304    
5E4P1
1318001330309    
1318001330309    
1318001330309    
1318001330309    
5D4P3
1148001930304    
1148001930304    
5D4P2
1148001930304    
1148001930304    
5D4P1
1148001930304    
1148001930304    
5C4P4
9412002430302    
9412002430302    
9412002430302    
9412002430302    
9412002430302    
9412002430302    
9412002430302    
9412002430302    
9412002430302    
9412002430302    
5C4P3
1148001930304    
1148001930304    
5C4P2
1148001930304    
1148001930304    
5C4P1
6016412130307    
6016412130307    
5B4P4
6371412230304    
6371412230304    
6371412230304    
6371412230304    
6371412230304    
6371412230304    
6371412230304    
5B4P3
1090002330303    
1090002330303    
1090002330303    
1090002330303    
1090002330303    
1090002330303    
1090002330303    
1090002330303    
1090002330303    
1090002330303    
1090002330303    
1090002330303    
5B4P2
9412002430302    
9412002430302    
9412002430302    
9412002430302    
9412002430302    
9412002430302    
9412002430302    
9412002430302    
9412002430302    
9412002430302    
9412002430302    
9412002430302    
5B4P1
1318001330309    
1318001330309    
1318001330309    
1318001330309    
5A4P4
6016412230304    
6016412230304    
5A4P3
6016412230304    
5A4P2
17401021002849    
17401021002849    
17401021002849    
17401021002849    
17401021002849    
17401021002849    
17401021002849    
17401021002849    
17401021002849    
17401021002849    
17401021002849    
17401021002849    
17401021002849    
17401021002849    
17401021002849    
17401021002849    
17401021002849    
17401021002849    
17401021002849    
17401021002849    
17401021002849    
17401021002849    
17401021002849    
17401021002849    
5A4P1
3324012230307    
3324012230307    
3324012230307    
3324012230307    
3324012230307    
3324012230307    
3324012230307    
3324012230307    
3324012230307    

5G3P4
1327001330301    
1327001330301    
1327001330301    
1327001330301    
5G3P3
3118002330322    
3118002330322    
3118002330322    
3118002330322    
5G3P2
3118002330322    
3118002330322    
3118002330322    
3118002330322    
5F3P3
1818012030309    
1818012030309    
1818012030309    
1818012030309    
1818012030309    
5F3P2
1818012030309    
1818012030309    
1818012030309    
1818012030309    
5F3P1
1090002330303    
1090002330303    
1090002330303    
1090002330303    
1090002330303    
1090002330303    
1090002330303    
1090002330303    
1090002330303    
1090002330303    
1090002330303    
1090002330303    
5E3P4
1724001830303    
1724001830303    
1724001830303    
1724001830303    
5E3P3
1724001830303    
1724001830303    
1724001830303    
1724001830303    
5E3P2
890002230303    
890002230303    
890002230303    
5E3P1
6336412230303    
6336412230303    
6336412230303    
6336412230303    
6336412230303    
6336412230303    
6336412230303    
6336412230303    
5D3P4
SOU24IKL0000
SOU24IKL0000
SOU24IKL0000
SOU24IKL0000
5D3P3
1724001830303    
1724001830303    
1724001830303    
1724001830303    
5D3P2
1327001330301    
1327001330301    
1327001330301    
1327001330301    
5D3P1
1724001830303    
1724001830303    
1724001830303    
1724001830303    
5C3P4
1724001830303    
1724001830303    
1724001830303    
1724001830303    
5C3P3
1724001830303    
1724001830303    
1724001830303    
1724001830303    
5C3P2
1724001830303    
1724001830303    
1724001830303    
1724001830303    
5C3P1
1912012030304    
1912012030304    
1912012030304    
1912012030304    
1912012030304    
1912012030304    
1912012030304    
5B3P4
1327001330301    
1327001330301    
1327001330301    
1327001330301    
5B3P3
1090002330303    
1090002330303    
1090002330303    
1090002330303    
1090002330303    
1090002330303    
1090002330303    
1090002330303    
1090002330303    
1090002330303    
1090002330303    
1090002330303    
5B3P2
3324012230307    
3324012230307    
5A3P4
1318001330309    
1318001330309    
1318001330309    
1318001330309    
5A3P2
1327001330301    
1327001330301    
1327001330301    
1327001330301    
5A3P1
1327001330301    
1327001330301    
1327001330301    
1327001330301    
5A2P1
1090002330303    
1090002330303    
1090002330303    
1090002330303    
1090002330303    
1090002330303    
1090002330303    
1090002330303    
1090002330303    
1090002330303    
1090002330303    
1090002330303    
5A2P2
1090002330303    
1090002330303    
1090002330303    
1090002330303    
1090002330303    
1090002330303    
1090002330303    
1090002330303    
1090002330303    
1090002330303    
1090002330303    
1090002330303    
5A2P3
1090002330303    
1090002330303    
1090002330303    
1090002330303    
1090002330303    
1090002330303    
1090002330303    
1090002330303    
1090002330303    
1090002330303    
1090002330303    
1090002330303    
5A2P4
1090002330303    
1090002330303    
1090002330303    
1090002330303    
1090002330303    
1090002330303    
1090002330303    
1090002330303    
1090002330303    
1090002330303    
1090002330303    
1090002330303    
5B2P1
6245412230308    
5B2P2
1724011830300    
5C2P1
6336412230303    
6336412230303    
6336412230303    
6336412230303    
6336412230303    
6336412230303    
5C2P2
1090002330303    
1090002330303    
1090002330303    
1090002330303    
1090002330303    
1090002330303    
1090002330303    
1090002330303    
1090002330303    
1090002330303    
1090002330303    
1090002330303    
5C2P3
1090002330303    
1090002330303    
1090002330303    
1090002330303    
1090002330303    
1090002330303    
1090002330303    
1090002330303    
1090002330303    
1090002330303    
1090002330303    
1090002330303    
5C2P4
1090002330303    
1090002330303    
1090002330303    
1090002330303    
1090002330303    
1090002330303    
1090002330303    
1090002330303    
1090002330303    
1090002330303    
1090002330303    
1090002330303    
5D2P1
1912012030304    
1912012030304    
5D2P2
1724001830303    
1724001830303    
1724001830303    
1724001830303    
5D2P3
1724001830303    
1724001830303    
5D2P4
6156412130300    
6156412130300    
6156412130300    
6156412130300    
5E2P1
1018002430304    
1018002430304    
1018002430304    
1018002430304    
5E2P2
1327001330301    
1327001330301    
1327001330301    
1327001330301    
5E2P4
1090002330303    
1090002330303    
1090002330303    
1090002330303    
1090002330303    
1090002330303    
1090002330303    
1090002330303    
1090002330303    
1090002330303    
1090002330303    
1090002330303    
5F2P1
1090002330303    
1090002330303    
1090002330303    
1090002330303    
1090002330303    
1090002330303    
1090002330303    
1090002330303    
1090002330303    
1090002330303    
1090002330303    
1090002330303    
5F2P2
1818012030309    
1818012030309    
1818012030309    
1818012030309    
1818012030309    
5F2P4
1090002330303    
1090002330303    
1090002330303    
1090002330303    
1090002330303    
1090002330303    
1090002330303    
1090002330303    
1090002330303    
1090002330303    
1090002330303    
1090002330303    
5G2P1
2290002230309    
2290002230309    
5G2P2
3118002330322    
3118002330322    
3118002330322    
3118002330322    
5G2P3
1818012030309    
1818012030309    
1818012030309    
1818012030309    
5G2P4
3118002330322    
3118002330322    
3118002330322    
3118002330322    
